trpi = [59 58 56 43 44 44 44 44 44 44 44 44 44 44 44 ...
        44 44 44 44 44 44 44 44 44 44 44 44 44 44 44 ...
        44 44 40 39 58 59 ...
	59 59 59 59];


